"x"
-481.25891135873
25.01
