"x"
-606.656552920509
130.31
